0.130770 -0.111947 0.190585 1.000000 0.000000 0.000000
0.356502 -0.072817 0.335046 1.000000 0.000000 0.000000
0.137919 -0.103915 0.265168 1.000000 0.000000 0.000000
0.229095 -0.095172 0.258774 1.000000 0.000000 0.000000
0.215771 -0.120214 0.099045 1.000000 0.000000 0.000000
-0.255002 -0.127108 -0.473399 1.000000 0.000000 0.000000
0.243154 -0.121130 0.105858 1.000000 0.000000 0.000000
0.183895 -0.125672 0.202355 1.000000 0.000000 0.000000
0.151925 -0.068011 0.299998 1.000000 0.000000 0.000000
0.151355 -0.077598 0.293388 1.000000 0.000000 0.000000
-0.079736 -0.079714 -0.334992 1.000000 0.000000 0.000000
0.132303 -0.060218 0.292646 1.000000 0.000000 0.000000
0.161017 -0.120522 0.230651 1.000000 0.000000 0.000000
-0.055716 -0.077582 -0.365106 1.000000 0.000000 0.000000
-0.165420 -0.121867 0.143112 1.000000 0.000000 0.000000
0.196156 -0.113324 0.249431 1.000000 0.000000 0.000000
0.411039 -0.094415 0.347509 1.000000 0.000000 0.000000
0.283098 -0.112852 0.252009 1.000000 0.000000 0.000000
0.051423 -0.103214 -0.136965 1.000000 0.000000 0.000000
-0.139166 0.006668 0.316309 1.000000 0.000000 0.000000
0.013077 -0.068261 0.289816 1.000000 0.000000 0.000000
-0.065385 -0.114692 0.053276 1.000000 0.000000 0.000000
0.051370 -0.119059 0.131812 1.000000 0.000000 0.000000
-0.228848 0.062509 0.297952 1.000000 0.000000 0.000000
0.143847 -0.096372 -0.077495 1.000000 0.000000 0.000000
-0.188734 0.024782 0.302076 1.000000 0.000000 0.000000
-0.140283 -0.079761 -0.421642 1.000000 0.000000 0.000000
0.374285 -0.106106 0.090307 1.000000 0.000000 0.000000
0.296469 -0.114583 0.186262 1.000000 0.000000 0.000000
-0.391333 -0.148989 0.327239 1.000000 0.000000 0.000000
0.098078 -0.092876 -0.123264 1.000000 0.000000 0.000000
0.267071 -0.109313 0.105574 1.000000 0.000000 0.000000
-0.207965 -0.082002 -0.318279 1.000000 0.000000 0.000000
0.095991 -0.122877 0.213874 1.000000 0.000000 0.000000
0.130346 -0.068617 0.287208 1.000000 0.000000 0.000000
0.065385 -0.089993 -0.162495 1.000000 0.000000 0.000000
0.205525 -0.105236 0.054622 1.000000 0.000000 0.000000
0.163495 -0.115553 0.036633 1.000000 0.000000 0.000000
-0.224191 -0.112161 0.166558 1.000000 0.000000 0.000000
0.078462 -0.105659 0.236354 1.000000 0.000000 0.000000
0.130770 -0.115149 0.040199 1.000000 0.000000 0.000000
0.314677 -0.127668 0.194496 1.000000 0.000000 0.000000
0.013077 -0.096404 -0.038263 1.000000 0.000000 0.000000
0.025194 -0.096808 -0.237271 1.000000 0.000000 0.000000
-0.263677 -0.118125 -0.481298 1.000000 0.000000 0.000000
-0.283588 0.117076 0.302502 1.000000 0.000000 0.000000
-0.431542 -0.624035 0.476897 1.000000 0.000000 0.000000
-0.377109 -0.140373 -0.435032 1.000000 0.000000 0.000000
0.167636 -0.076456 0.294026 1.000000 0.000000 0.000000
-0.006539 -0.105877 -0.077495 1.000000 0.000000 0.000000
-0.411927 -0.185954 0.383858 1.000000 0.000000 0.000000
-0.405471 -0.133282 0.324121 1.000000 0.000000 0.000000
0.403370 -0.081337 0.361572 1.000000 0.000000 0.000000
0.070171 -0.088611 -0.187353 1.000000 0.000000 0.000000
-0.169156 -0.093932 -0.313066 1.000000 0.000000 0.000000
-0.074090 -0.102746 0.051263 1.000000 0.000000 0.000000
0.372532 -0.159800 0.190585 1.000000 0.000000 0.000000
-0.104886 -0.104369 0.069687 1.000000 0.000000 0.000000
-0.395520 -0.177152 0.333262 1.000000 0.000000 0.000000
-0.222310 0.101741 0.306971 1.000000 0.000000 0.000000
-0.379687 -0.174501 0.332469 1.000000 0.000000 0.000000
0.362856 -0.100000 0.345986 1.000000 0.000000 0.000000
0.274618 -0.122447 0.118661 1.000000 0.000000 0.000000
0.389518 -0.183327 0.382959 1.000000 0.000000 0.000000
0.319960 -0.133646 0.288662 1.000000 0.000000 0.000000
-0.045770 -0.107000 -0.070956 1.000000 0.000000 0.000000
0.118214 -0.061325 0.292259 1.000000 0.000000 0.000000
-0.129031 -0.085976 -0.243293 1.000000 0.000000 0.000000
-0.076395 -0.078872 -0.347824 1.000000 0.000000 0.000000
-0.392311 0.173383 0.301740 1.000000 0.000000 0.000000
-0.084082 -0.102061 -0.166930 1.000000 0.000000 0.000000
-0.327261 -0.106768 -0.450285 1.000000 0.000000 0.000000
-0.303213 -0.106190 -0.449663 1.000000 0.000000 0.000000
0.025999 -0.119700 0.150756 1.000000 0.000000 0.000000
0.296918 -0.126909 0.186750 1.000000 0.000000 0.000000
0.183079 -0.100911 -0.012109 1.000000 0.000000 0.000000
0.396780 -0.180906 0.382550 1.000000 0.000000 0.000000
0.150386 -0.087512 0.269047 1.000000 0.000000 0.000000
-0.169909 0.035536 0.313593 1.000000 0.000000 0.000000
0.176376 -0.110988 0.220143 1.000000 0.000000 0.000000
-0.300772 -0.106608 -0.469806 1.000000 0.000000 0.000000
-0.373986 -0.110588 -0.474809 1.000000 0.000000 0.000000
0.415799 -0.821822 -0.525752 1.000000 0.000000 0.000000
-0.405388 -0.136637 -0.437113 1.000000 0.000000 0.000000
0.364859 -0.127108 0.288662 1.000000 0.000000 0.000000
-0.130770 0.023278 0.315703 1.000000 0.000000 0.000000
0.401382 -0.148623 0.327309 1.000000 0.000000 0.000000
-0.156924 -0.166339 -0.493371 1.000000 0.000000 0.000000
0.177380 -0.117525 0.065654 1.000000 0.000000 0.000000
-0.039231 -0.078656 -0.345574 1.000000 0.000000 0.000000
0.403218 -0.164369 0.330669 1.000000 0.000000 0.000000
0.130255 -0.095321 -0.091297 1.000000 0.000000 0.000000
0.251973 -0.124235 0.155714 1.000000 0.000000 0.000000
-0.091539 -0.102077 -0.169034 1.000000 0.000000 0.000000
-0.176540 -0.105552 -0.469806 1.000000 0.000000 0.000000
-0.313849 -0.115526 0.197123 1.000000 0.000000 0.000000
-0.035663 -0.090820 -0.341277 1.000000 0.000000 0.000000
0.087939 -0.091682 -0.140513 1.000000 0.000000 0.000000
0.243905 -0.123127 0.139491 1.000000 0.000000 0.000000
-0.159927 -0.084833 -0.266111 1.000000 0.000000 0.000000
0.111155 -0.074799 0.296019 1.000000 0.000000 0.000000
0.300772 -0.122289 0.112122 1.000000 0.000000 0.000000
-0.208240 -0.141867 -0.483637 1.000000 0.000000 0.000000
0.123305 -0.101708 0.019095 1.000000 0.000000 0.000000
0.132780 -0.111420 -0.023687 1.000000 0.000000 0.000000
0.230358 -0.096414 0.256602 1.000000 0.000000 0.000000
-0.176540 0.010201 0.314743 1.000000 0.000000 0.000000
0.283834 -0.121743 0.106164 1.000000 0.000000 0.000000
-0.287582 0.109620 0.292406 1.000000 0.000000 0.000000
-0.025708 -0.094105 -0.283274 1.000000 0.000000 0.000000
0.154006 -0.079542 0.277440 1.000000 0.000000 0.000000
0.071924 -0.109765 0.170969 1.000000 0.000000 0.000000
0.200081 -0.121808 0.131066 1.000000 0.000000 0.000000
-0.200691 -0.112643 0.181699 1.000000 0.000000 0.000000
-0.049002 -0.077891 -0.359186 1.000000 0.000000 0.000000
0.042105 -0.097966 -0.223019 1.000000 0.000000 0.000000
0.138192 -0.106426 0.094719 1.000000 0.000000 0.000000
0.202694 -0.082844 0.288662 1.000000 0.000000 0.000000
-0.063355 -0.115801 0.072738 1.000000 0.000000 0.000000
0.156102 -0.116619 0.057058 1.000000 0.000000 0.000000
0.300772 -0.106348 0.053276 1.000000 0.000000 0.000000
0.078462 -0.120569 0.224815 1.000000 0.000000 0.000000
0.184333 -0.120271 0.110026 1.000000 0.000000 0.000000
-0.391017 0.151554 0.312078 1.000000 0.000000 0.000000
0.410725 -0.490809 0.399883 1.000000 0.000000 0.000000
0.101898 -0.102792 0.266768 1.000000 0.000000 0.000000
0.134530 -0.112524 -0.005530 1.000000 0.000000 0.000000
0.168088 -0.113361 -0.002015 1.000000 0.000000 0.000000
0.172021 -0.112186 0.182421 1.000000 0.000000 0.000000
-0.075392 -0.104116 -0.129305 1.000000 0.000000 0.000000
0.239805 -0.068397 0.298293 1.000000 0.000000 0.000000
0.182649 -0.123341 0.162626 1.000000 0.000000 0.000000
-0.300772 -0.114624 0.210200 1.000000 0.000000 0.000000
0.052308 -0.099798 -0.195188 1.000000 0.000000 0.000000
-0.222310 -0.080005 -0.352113 1.000000 0.000000 0.000000
-0.163463 -0.123087 0.164431 1.000000 0.000000 0.000000
-0.047800 -0.094271 -0.287498 1.000000 0.000000 0.000000
0.255787 -0.104800 0.035615 1.000000 0.000000 0.000000
-0.065385 0.023278 0.318102 1.000000 0.000000 0.000000
0.000695 -0.081418 -0.288814 1.000000 0.000000 0.000000
0.019616 -0.103071 0.072891 1.000000 0.000000 0.000000
0.173330 -0.118096 0.076628 1.000000 0.000000 0.000000
-0.094391 -0.120513 0.142770 1.000000 0.000000 0.000000
0.404241 0.002787 0.303432 1.000000 0.000000 0.000000
0.389957 -0.095186 0.364304 1.000000 0.000000 0.000000
0.176540 -0.074663 0.295201 1.000000 0.000000 0.000000
-0.244616 -0.113584 0.184662 1.000000 0.000000 0.000000
0.022651 -0.103079 0.072134 1.000000 0.000000 0.000000
-0.186724 -0.123858 0.170092 1.000000 0.000000 0.000000
-0.222310 -0.116109 -0.463267 1.000000 0.000000 0.000000
0.374607 -0.072108 0.359197 1.000000 0.000000 0.000000
-0.045770 -0.002876 0.310312 1.000000 0.000000 0.000000
0.435283 -0.525043 0.407525 1.000000 0.000000 0.000000
-0.191687 -0.119639 -0.483079 1.000000 0.000000 0.000000
-0.017713 -0.096514 -0.239868 1.000000 0.000000 0.000000
-0.150386 -0.107664 0.112122 1.000000 0.000000 0.000000
0.136630 -0.102920 0.035720 1.000000 0.000000 0.000000
0.203395 -0.115302 0.019657 1.000000 0.000000 0.000000
-0.062162 -0.076164 -0.388548 1.000000 0.000000 0.000000
-0.094421 -0.090757 -0.351372 1.000000 0.000000 0.000000
0.111727 -0.060328 0.293086 1.000000 0.000000 0.000000
-0.282753 -0.095910 -0.429502 1.000000 0.000000 0.000000
-0.365491 -0.103972 0.247713 1.000000 0.000000 0.000000
-0.288068 -0.115294 -0.478728 1.000000 0.000000 0.000000
-0.300212 0.087241 0.314947 1.000000 0.000000 0.000000
-0.008443 -0.082184 -0.278115 1.000000 0.000000 0.000000
0.000000 -0.115006 0.079430 1.000000 0.000000 0.000000
-0.078462 0.036355 0.306438 1.000000 0.000000 0.000000
0.463571 -0.865960 -0.567884 1.000000 0.000000 0.000000
0.261541 -0.125330 0.216739 1.000000 0.000000 0.000000
0.021564 -0.060237 0.295393 1.000000 0.000000 0.000000
0.047043 -0.090816 -0.143108 1.000000 0.000000 0.000000
-0.008788 -0.081210 -0.294733 1.000000 0.000000 0.000000
0.025167 -0.103520 0.078875 1.000000 0.000000 0.000000
-0.128689 -0.120850 0.137560 1.000000 0.000000 0.000000
0.128923 -0.111664 -0.018330 1.000000 0.000000 0.000000
0.215771 -0.104950 0.046737 1.000000 0.000000 0.000000
0.180064 -0.111261 0.164354 1.000000 0.000000 0.000000
0.141681 -0.106829 0.100522 1.000000 0.000000 0.000000
0.348780 -0.162839 0.198824 1.000000 0.000000 0.000000
-0.393350 -0.163685 0.330379 1.000000 0.000000 0.000000
-0.000981 -0.010434 0.322319 1.000000 0.000000 0.000000
-0.065385 -0.105025 0.092507 1.000000 0.000000 0.000000
0.124232 -0.100655 0.000968 1.000000 0.000000 0.000000
0.003526 -0.095459 -0.253253 1.000000 0.000000 0.000000
0.075755 -0.108615 0.150328 1.000000 0.000000 0.000000
-0.149478 -0.112604 -0.477429 1.000000 0.000000 0.000000
-0.107234 -0.010686 0.307963 1.000000 0.000000 0.000000
-0.172272 -0.082304 -0.308058 1.000000 0.000000 0.000000
0.213532 -0.084352 0.287269 1.000000 0.000000 0.000000
-0.098078 -0.116848 0.079430 1.000000 0.000000 0.000000
0.248303 -0.114143 0.193055 1.000000 0.000000 0.000000
-0.318937 -0.144971 0.254232 1.000000 0.000000 0.000000
-0.222249 -0.123136 0.146542 1.000000 0.000000 0.000000
0.039231 -0.117285 0.105584 1.000000 0.000000 0.000000
0.103485 -0.117875 0.235741 1.000000 0.000000 0.000000
-0.448073 -0.624035 0.458664 1.000000 0.000000 0.000000
0.042929 -0.088350 -0.183716 1.000000 0.000000 0.000000
-0.248464 0.108279 0.305064 1.000000 0.000000 0.000000
-0.163463 0.069048 0.300558 1.000000 0.000000 0.000000
-0.084793 0.032151 0.306402 1.000000 0.000000 0.000000
0.047245 -0.122239 0.211762 1.000000 0.000000 0.000000
0.205811 -0.107237 0.088478 1.000000 0.000000 0.000000
0.179244 -0.115158 0.024917 1.000000 0.000000 0.000000
0.065385 -0.056029 0.308278 1.000000 0.000000 0.000000
0.414186 -0.139420 0.335540 1.000000 0.000000 0.000000
-0.091539 -0.087769 -0.397882 1.000000 0.000000 0.000000
-0.068431 -0.004934 0.319542 1.000000 0.000000 0.000000
-0.222474 0.034409 0.311727 1.000000 0.000000 0.000000
-0.124387 -0.088416 -0.392806 1.000000 0.000000 0.000000
-0.209233 0.036355 0.312106 1.000000 0.000000 0.000000
-0.137396 -0.086582 -0.234976 1.000000 0.000000 0.000000
-0.139194 -0.175833 -0.506673 1.000000 0.000000 0.000000
-0.113999 -0.079534 -0.421722 1.000000 0.000000 0.000000
0.353091 -0.088609 0.263292 1.000000 0.000000 0.000000
0.248464 -0.113842 0.249431 1.000000 0.000000 0.000000
0.189603 -0.109364 0.129349 1.000000 0.000000 0.000000
0.366157 -0.153262 0.245853 1.000000 0.000000 0.000000
0.312570 -0.089491 0.327068 1.000000 0.000000 0.000000
0.311834 -0.105311 0.241734 1.000000 0.000000 0.000000
-0.162537 -0.082384 -0.305305 1.000000 0.000000 0.000000
0.135206 -0.124285 0.205990 1.000000 0.000000 0.000000
-0.300212 0.087241 0.314947 1.000000 0.000000 0.000000
-0.379234 0.140972 0.314150 1.000000 0.000000 0.000000
0.127525 -0.098625 -0.034453 1.000000 0.000000 0.000000
0.353080 -0.120569 0.301375 1.000000 0.000000 0.000000
-0.274618 -0.080154 -0.417498 1.000000 0.000000 0.000000
-0.085001 -0.088793 -0.188649 1.000000 0.000000 0.000000
0.045770 -0.117022 0.099045 1.000000 0.000000 0.000000
0.000000 -0.106140 -0.070956 1.000000 0.000000 0.000000
-0.326926 -0.146723 0.267187 1.000000 0.000000 0.000000
-0.026154 -0.101257 0.040199 1.000000 0.000000 0.000000
0.058847 -0.096075 0.275585 1.000000 0.000000 0.000000
-0.177796 0.035355 0.313314 1.000000 0.000000 0.000000
0.052308 -0.068711 0.288662 1.000000 0.000000 0.000000
0.255002 -0.103431 0.014045 1.000000 0.000000 0.000000
0.236966 -0.126239 0.194489 1.000000 0.000000 0.000000
-0.234052 -0.119366 -0.466610 1.000000 0.000000 0.000000
0.085253 -0.121923 0.169604 1.000000 0.000000 0.000000
0.463805 -0.866565 -0.571369 1.000000 0.000000 0.000000
0.071924 -0.118284 0.112122 1.000000 0.000000 0.000000
0.204337 -0.069407 0.298318 1.000000 0.000000 0.000000
-0.372696 0.108279 0.320978 1.000000 0.000000 0.000000
0.117693 -0.110278 -0.038263 1.000000 0.000000 0.000000
0.046340 -0.089318 -0.168314 1.000000 0.000000 0.000000
0.268079 -0.126979 0.197123 1.000000 0.000000 0.000000
-0.022003 -0.010500 0.321551 1.000000 0.000000 0.000000
0.054930 -0.097226 -0.036693 1.000000 0.000000 0.000000
0.370169 -0.101798 0.316939 1.000000 0.000000 0.000000
0.327459 -0.144205 0.098097 1.000000 0.000000 0.000000
-0.180257 -0.082429 -0.307299 1.000000 0.000000 0.000000
0.155148 -0.111977 -0.021364 1.000000 0.000000 0.000000
0.021076 -0.084562 -0.241514 1.000000 0.000000 0.000000
0.117693 -0.120123 0.229816 1.000000 0.000000 0.000000
0.346542 -0.150924 0.255970 1.000000 0.000000 0.000000
0.355236 -0.162183 0.207093 1.000000 0.000000 0.000000
0.228848 -0.111345 0.151354 1.000000 0.000000 0.000000
-0.235279 -0.126155 0.206062 1.000000 0.000000 0.000000
0.061190 -0.110738 0.190649 1.000000 0.000000 0.000000
-0.013077 -0.117950 0.125199 1.000000 0.000000 0.000000
0.187752 -0.113643 0.248654 1.000000 0.000000 0.000000
-0.043061 -0.115415 0.072641 1.000000 0.000000 0.000000
-0.113344 -0.083340 -0.433908 1.000000 0.000000 0.000000
0.137309 -0.113344 0.007506 1.000000 0.000000 0.000000
0.353586 -0.070293 0.280174 1.000000 0.000000 0.000000
0.163463 -0.111594 0.216739 1.000000 0.000000 0.000000
-0.073794 -0.119298 0.128715 1.000000 0.000000 0.000000
-0.180695 0.084642 0.310497 1.000000 0.000000 0.000000
0.294233 -0.072087 0.295201 1.000000 0.000000 0.000000
0.320387 -0.113749 0.216739 1.000000 0.000000 0.000000
0.052308 -0.074799 0.296651 1.000000 0.000000 0.000000
0.172522 -0.119119 0.094246 1.000000 0.000000 0.000000
0.431542 -0.539034 0.458911 1.000000 0.000000 0.000000
0.405388 -0.185954 0.383745 1.000000 0.000000 0.000000
0.091539 -0.119749 0.229816 1.000000 0.000000 0.000000
0.046457 -0.103829 0.077812 1.000000 0.000000 0.000000
0.056236 -0.120420 0.153337 1.000000 0.000000 0.000000
0.356716 -0.065902 0.338006 1.000000 0.000000 0.000000
0.235444 -0.117089 0.040541 1.000000 0.000000 0.000000
0.372696 -0.103813 0.059814 1.000000 0.000000 0.000000
-0.317984 -0.121198 0.241325 1.000000 0.000000 0.000000
-0.353080 -0.120569 -0.482736 1.000000 0.000000 0.000000
-0.012291 -0.080831 -0.302201 1.000000 0.000000 0.000000
0.349254 -0.078902 0.273535 1.000000 0.000000 0.000000
-0.108752 0.007620 0.317372 1.000000 0.000000 0.000000
0.323883 -0.105648 0.038675 1.000000 0.000000 0.000000
-0.039319 -0.117473 0.108742 1.000000 0.000000 0.000000
0.117693 -0.107579 -0.084033 1.000000 0.000000 0.000000
0.246197 -0.108464 0.097346 1.000000 0.000000 0.000000
0.104616 -0.099542 -0.012109 1.000000 0.000000 0.000000
0.017861 -0.031411 0.319092 1.000000 0.000000 0.000000
-0.126913 -0.089868 -0.181304 1.000000 0.000000 0.000000
0.171745 -0.124728 0.207858 1.000000 0.000000 0.000000
-0.122487 -0.088757 -0.405424 1.000000 0.000000 0.000000
-0.122644 -0.103071 -0.467612 1.000000 0.000000 0.000000
-0.235387 -0.120569 -0.483561 1.000000 0.000000 0.000000
-0.143847 -0.133646 -0.478901 1.000000 0.000000 0.000000
0.094814 -0.109872 -0.037861 1.000000 0.000000 0.000000
-0.268139 -0.110376 -0.455929 1.000000 0.000000 0.000000
0.201557 -0.118753 0.078780 1.000000 0.000000 0.000000
0.382636 -0.131995 0.371992 1.000000 0.000000 0.000000
-0.137309 -0.108978 0.138277 1.000000 0.000000 0.000000
-0.248887 -0.093500 -0.423024 1.000000 0.000000 0.000000
0.192424 -0.093905 0.278194 1.000000 0.000000 0.000000
0.230251 -0.103638 0.021099 1.000000 0.000000 0.000000
-0.119111 -0.088154 -0.399483 1.000000 0.000000 0.000000
-0.045387 -0.012995 0.320830 1.000000 0.000000 0.000000
-0.093435 -0.103064 -0.152890 1.000000 0.000000 0.000000
0.052308 -0.041582 0.314817 1.000000 0.000000 0.000000
-0.418465 -0.200618 0.373663 1.000000 0.000000 0.000000
-0.318832 -0.126246 0.232317 1.000000 0.000000 0.000000
0.257959 -0.103212 0.010120 1.000000 0.000000 0.000000
-0.039231 -0.078656 -0.345574 1.000000 0.000000 0.000000
0.411927 -0.794037 -0.522806 1.000000 0.000000 0.000000
0.032693 -0.018884 0.321355 1.000000 0.000000 0.000000
0.248464 -0.124683 0.164431 1.000000 0.000000 0.000000
-0.215771 0.029817 0.312226 1.000000 0.000000 0.000000
-0.058847 -0.116882 0.092507 1.000000 0.000000 0.000000
0.101438 -0.060382 0.293306 1.000000 0.000000 0.000000
-0.099272 -0.088937 -0.190433 1.000000 0.000000 0.000000
0.103608 -0.103432 0.054162 1.000000 0.000000 0.000000
0.048581 -0.122602 0.207627 1.000000 0.000000 0.000000
-0.074027 -0.104214 -0.127204 1.000000 0.000000 0.000000
0.292068 -0.116713 0.244713 1.000000 0.000000 0.000000
-0.273492 0.132815 0.291650 1.000000 0.000000 0.000000
0.053126 -0.103599 0.071946 1.000000 0.000000 0.000000
0.209885 -0.101444 0.248475 1.000000 0.000000 0.000000
0.063742 -0.109342 -0.036949 1.000000 0.000000 0.000000
-0.117693 -0.009414 0.307406 1.000000 0.000000 0.000000
0.241925 -0.118778 0.066353 1.000000 0.000000 0.000000
0.316883 -0.117471 0.256620 1.000000 0.000000 0.000000
-0.323618 0.123357 0.289921 1.000000 0.000000 0.000000
0.286841 -0.123540 0.133937 1.000000 0.000000 0.000000
0.054599 -0.100946 -0.176445 1.000000 0.000000 0.000000
0.185870 -0.101122 -0.009355 1.000000 0.000000 0.000000
-0.398850 -0.117905 -0.482883 1.000000 0.000000 0.000000
-0.278778 -0.114664 0.192867 1.000000 0.000000 0.000000
-0.278698 -0.126909 0.192547 1.000000 0.000000 0.000000
0.124232 -0.112648 0.249431 1.000000 0.000000 0.000000
0.053261 -0.099763 -0.196087 1.000000 0.000000 0.000000
-0.052717 -0.104394 0.085549 1.000000 0.000000 0.000000
-0.071924 -0.093190 -0.110187 1.000000 0.000000 0.000000
0.098751 -0.110256 -0.032601 1.000000 0.000000 0.000000
-0.005125 -0.082900 -0.264981 1.000000 0.000000 0.000000
-0.248464 -0.114386 0.197123 1.000000 0.000000 0.000000
-0.274081 -0.079997 -0.416756 1.000000 0.000000 0.000000
