-0.287695 -0.101771 -0.208265 1.000000 0.000000 0.000000
-0.163463 -0.086867 -0.234419 1.000000 0.000000 0.000000
0.061124 0.080515 0.315110 1.000000 0.000000 0.000000
-0.451632 -0.997162 0.515015 1.000000 0.000000 0.000000
-0.055716 -0.077582 -0.365106 1.000000 0.000000 0.000000
0.373262 0.219848 0.282501 1.000000 0.000000 0.000000
-0.150386 -0.110082 0.223277 1.000000 0.000000 0.000000
-0.165420 -0.121867 0.143112 1.000000 0.000000 0.000000
-0.005140 0.447039 0.296756 1.000000 0.000000 0.000000
0.134126 -0.097861 -0.245902 1.000000 0.000000 0.000000
-0.078462 -0.086752 -0.221342 1.000000 0.000000 0.000000
-0.220418 0.321980 0.294383 1.000000 0.000000 0.000000
0.069141 0.074023 0.315173 1.000000 0.000000 0.000000
-0.224191 -0.112161 0.166558 1.000000 0.000000 0.000000
-0.077009 -0.099322 -0.211128 1.000000 0.000000 0.000000
-0.151730 -0.111716 0.215485 1.000000 0.000000 0.000000
-0.074090 -0.102746 0.051263 1.000000 0.000000 0.000000
-0.104886 -0.104369 0.069687 1.000000 0.000000 0.000000
0.286763 0.585971 0.326264 1.000000 0.000000 0.000000
-0.142630 0.169218 0.306192 1.000000 0.000000 0.000000
-0.129031 -0.085976 -0.243293 1.000000 0.000000 0.000000
0.313849 0.592130 0.315468 1.000000 0.000000 0.000000
-0.028628 -0.138946 -0.496235 1.000000 0.000000 0.000000
0.070817 0.066644 0.305072 1.000000 0.000000 0.000000
0.002576 0.454028 0.297642 1.000000 0.000000 0.000000
0.071047 -0.084678 -0.254327 1.000000 0.000000 0.000000
-0.025708 -0.094105 -0.283274 1.000000 0.000000 0.000000
0.243629 0.551886 0.305117 1.000000 0.000000 0.000000
0.340976 -0.115309 -0.184769 1.000000 0.000000 0.000000
0.138192 -0.106426 0.094719 1.000000 0.000000 0.000000
0.300772 -0.106348 0.053276 1.000000 0.000000 0.000000
0.137309 0.500590 0.297603 1.000000 0.000000 0.000000
-0.130770 -0.096005 0.275585 1.000000 0.000000 0.000000
0.104616 -0.115429 0.053276 1.000000 0.000000 0.000000
-0.164783 0.361252 0.295461 1.000000 0.000000 0.000000
-0.048676 0.411999 0.291845 1.000000 0.000000 0.000000
-0.350159 -0.090155 -0.197976 1.000000 0.000000 0.000000
0.389073 -0.105395 -0.179821 1.000000 0.000000 0.000000
-0.215771 0.343666 0.282554 1.000000 0.000000 0.000000
-0.163463 -0.123087 0.164431 1.000000 0.000000 0.000000
-0.047800 -0.094271 -0.287498 1.000000 0.000000 0.000000
0.222310 0.559437 0.319333 1.000000 0.000000 0.000000
0.173330 -0.118096 0.076628 1.000000 0.000000 0.000000
-0.186724 -0.123858 0.170092 1.000000 0.000000 0.000000
-0.149227 0.165211 0.295665 1.000000 0.000000 0.000000
0.126787 0.501924 0.308980 1.000000 0.000000 0.000000
-0.235387 0.330589 0.282205 1.000000 0.000000 0.000000
0.230515 -0.088524 -0.218399 1.000000 0.000000 0.000000
-0.325382 0.300140 0.290333 1.000000 0.000000 0.000000
-0.008443 -0.082184 -0.278115 1.000000 0.000000 0.000000
-0.060051 0.407712 0.291100 1.000000 0.000000 0.000000
0.222310 0.559437 0.307752 1.000000 0.000000 0.000000
0.141681 -0.106829 0.100522 1.000000 0.000000 0.000000
-0.025897 0.417326 0.303022 1.000000 0.000000 0.000000
0.198693 -0.099700 -0.227006 1.000000 0.000000 0.000000
0.204229 -0.088119 -0.220809 1.000000 0.000000 0.000000
-0.057406 -0.082947 -0.279658 1.000000 0.000000 0.000000
-0.187509 0.353035 0.294525 1.000000 0.000000 0.000000
-0.107234 -0.010686 0.307963 1.000000 0.000000 0.000000
-0.098078 -0.116848 0.079430 1.000000 0.000000 0.000000
0.103485 -0.117875 0.235741 1.000000 0.000000 0.000000
-0.252112 0.251202 0.285706 1.000000 0.000000 0.000000
0.074590 0.099555 0.313569 1.000000 0.000000 0.000000
0.065385 0.062509 0.305575 1.000000 0.000000 0.000000
-0.058847 0.415590 0.291558 1.000000 0.000000 0.000000
-0.163463 -0.124304 0.210200 1.000000 0.000000 0.000000
0.065385 -0.056029 0.308278 1.000000 0.000000 0.000000
-0.248464 -0.123912 0.151354 1.000000 0.000000 0.000000
-0.025897 0.417326 0.303022 1.000000 0.000000 0.000000
-0.065385 -0.101171 0.027122 1.000000 0.000000 0.000000
0.296079 0.586845 0.313968 1.000000 0.000000 0.000000
-0.036114 -0.106702 -0.472273 1.000000 0.000000 0.000000
-0.131086 0.372562 0.296957 1.000000 0.000000 0.000000
0.070889 0.470892 0.296147 1.000000 0.000000 0.000000
0.117615 0.125481 0.299457 1.000000 0.000000 0.000000
0.196156 -0.099619 -0.227881 1.000000 0.000000 0.000000
-0.058847 0.402513 0.290977 1.000000 0.000000 0.000000
-0.060051 0.407712 0.291100 1.000000 0.000000 0.000000
-0.010279 0.106689 0.315536 1.000000 0.000000 0.000000
0.154167 0.508066 0.309068 1.000000 0.000000 0.000000
-0.340003 -0.160261 0.144815 1.000000 0.000000 0.000000
0.206463 0.555970 0.318886 1.000000 0.000000 0.000000
0.143847 0.134433 0.308748 1.000000 0.000000 0.000000
0.194804 -0.100000 -0.221688 1.000000 0.000000 0.000000
-0.098078 0.088664 0.313307 1.000000 0.000000 0.000000
-0.071475 -0.094112 -0.295100 1.000000 0.000000 0.000000
-0.144054 0.365832 0.296383 1.000000 0.000000 0.000000
-0.167796 -0.112875 0.205178 1.000000 0.000000 0.000000
0.078026 -0.085484 -0.242721 1.000000 0.000000 0.000000
0.201557 -0.118753 0.078780 1.000000 0.000000 0.000000
0.199852 -0.100258 -0.218416 1.000000 0.000000 0.000000
-0.195689 0.344657 0.294593 1.000000 0.000000 0.000000
0.255002 -0.101864 -0.201726 1.000000 0.000000 0.000000
0.088687 -0.096643 -0.257990 1.000000 0.000000 0.000000
0.103608 -0.103432 0.054162 1.000000 0.000000 0.000000
0.241925 -0.118778 0.066353 1.000000 0.000000 0.000000
-0.374687 -0.139603 0.125633 1.000000 0.000000 0.000000
-0.084718 -0.085214 -0.248615 1.000000 0.000000 0.000000
-0.005125 -0.082900 -0.264981 1.000000 0.000000 0.000000
0.039580 0.449857 0.305122 1.000000 0.000000 0.000000
