0.084280 -0.090771 -0.418805 0.000000 1.000000 0.000000
0.130770 -0.111947 0.190585 0.000000 1.000000 0.000000
0.356502 -0.072817 0.335046 0.000000 1.000000 0.000000
0.137919 -0.103915 0.265168 0.000000 1.000000 0.000000
0.193992 -0.092360 -0.451261 0.000000 1.000000 0.000000
-0.071924 -0.076900 -0.410959 0.000000 1.000000 0.000000
0.229095 -0.095172 0.258774 0.000000 1.000000 0.000000
0.186400 -0.183725 -0.503376 0.000000 1.000000 0.000000
0.188200 -0.183318 -0.495315 0.000000 1.000000 0.000000
0.401477 -0.138751 -0.435139 0.000000 1.000000 0.000000
0.208240 -0.141867 -0.483637 0.000000 1.000000 0.000000
0.248464 -0.094415 -0.453912 0.000000 1.000000 0.000000
-0.391530 -0.077193 -0.413332 0.000000 1.000000 0.000000
0.161017 -0.120522 0.230651 0.000000 1.000000 0.000000
-0.170247 -0.019555 0.316611 0.000000 1.000000 0.000000
0.154684 -0.090742 -0.415573 0.000000 1.000000 0.000000
-0.366222 -0.135550 -0.493360 0.000000 1.000000 0.000000
0.006539 -0.100000 -0.443652 0.000000 1.000000 0.000000
0.196156 -0.113324 0.249431 0.000000 1.000000 0.000000
0.013077 -0.068261 0.289816 0.000000 1.000000 0.000000
-0.353080 -0.061722 0.285774 0.000000 1.000000 0.000000
0.261541 -0.122919 -0.469806 0.000000 1.000000 0.000000
-0.107268 -0.071011 0.298813 0.000000 1.000000 0.000000
0.045770 -0.100159 0.249431 0.000000 1.000000 0.000000
-0.222310 -0.153262 -0.488969 0.000000 1.000000 0.000000
0.222344 -0.186866 -0.503881 0.000000 1.000000 0.000000
-0.215771 -0.124587 0.216739 0.000000 1.000000 0.000000
-0.274618 -0.166339 -0.505399 0.000000 1.000000 0.000000
0.000000 -0.089720 -0.417498 0.000000 1.000000 0.000000
0.363704 -0.144935 -0.498119 0.000000 1.000000 0.000000
-0.242198 -0.158616 -0.503433 0.000000 1.000000 0.000000
0.000000 -0.152695 -0.489421 0.000000 1.000000 0.000000
0.219826 -0.131466 -0.491312 0.000000 1.000000 0.000000
0.126614 -0.008693 0.306952 0.000000 1.000000 0.000000
0.322868 -0.044114 0.345552 0.000000 1.000000 0.000000
-0.333465 -0.099622 -0.437113 0.000000 1.000000 0.000000
-0.170002 0.664020 0.354048 0.000000 1.000000 0.000000
0.078462 -0.105659 0.236354 0.000000 1.000000 0.000000
0.222310 -0.119656 -0.482883 0.000000 1.000000 0.000000
-0.377109 -0.140373 -0.435032 0.000000 1.000000 0.000000
-0.013077 -0.081338 0.291802 0.000000 1.000000 0.000000
-0.026154 -0.100053 0.249431 0.000000 1.000000 0.000000
-0.020424 -0.117907 0.232713 0.000000 1.000000 0.000000
-0.341547 -0.069582 0.336883 0.000000 1.000000 0.000000
-0.019616 0.642113 0.340971 0.000000 1.000000 0.000000
-0.130383 -0.049058 0.310111 0.000000 1.000000 0.000000
0.319960 -0.133646 0.288662 0.000000 1.000000 0.000000
-0.076083 -0.101778 -0.445590 0.000000 1.000000 0.000000
0.152516 -0.053485 0.307672 0.000000 1.000000 0.000000
-0.165598 -0.072236 0.283450 0.000000 1.000000 0.000000
-0.045770 -0.120411 0.223277 0.000000 1.000000 0.000000
-0.008503 -0.119352 0.225897 0.000000 1.000000 0.000000
-0.327261 -0.106768 -0.450285 0.000000 1.000000 0.000000
0.015772 -0.128516 -0.476166 0.000000 1.000000 0.000000
0.346542 -0.079496 -0.410959 0.000000 1.000000 0.000000
0.089793 -0.015556 0.319342 0.000000 1.000000 0.000000
0.117092 -0.150674 -0.501017 0.000000 1.000000 0.000000
0.058847 0.644438 0.341528 0.000000 1.000000 0.000000
-0.169167 0.621994 0.341689 0.000000 1.000000 0.000000
0.150386 -0.087512 0.269047 0.000000 1.000000 0.000000
-0.070359 -0.115032 -0.463499 0.000000 1.000000 0.000000
-0.332304 -0.094562 -0.452897 0.000000 1.000000 0.000000
-0.353792 -0.153980 -0.501584 0.000000 1.000000 0.000000
-0.313809 -0.078030 -0.397343 0.000000 1.000000 0.000000
0.176376 -0.110988 0.220143 0.000000 1.000000 0.000000
-0.300772 -0.106608 -0.469806 0.000000 1.000000 0.000000
0.282631 -0.083883 -0.430823 0.000000 1.000000 0.000000
-0.373986 -0.110588 -0.474809 0.000000 1.000000 0.000000
0.098726 -0.174849 -0.506622 0.000000 1.000000 0.000000
-0.039231 -0.092925 0.262508 0.000000 1.000000 0.000000
0.241925 -0.133646 -0.492607 0.000000 1.000000 0.000000
0.013077 -0.166339 -0.493669 0.000000 1.000000 0.000000
-0.016114 -0.076046 0.283105 0.000000 1.000000 0.000000
-0.156924 -0.022491 0.305949 0.000000 1.000000 0.000000
-0.156924 -0.166339 -0.493371 0.000000 1.000000 0.000000
0.310569 -0.158639 -0.490777 0.000000 1.000000 0.000000
-0.016574 -0.086782 0.286299 0.000000 1.000000 0.000000
-0.028628 -0.138946 -0.496235 0.000000 1.000000 0.000000
-0.176540 -0.105552 -0.469806 0.000000 1.000000 0.000000
0.274618 -0.090091 -0.404421 0.000000 1.000000 0.000000
-0.332559 -0.090053 -0.444776 0.000000 1.000000 0.000000
-0.111155 -0.083814 0.288662 0.000000 1.000000 0.000000
0.235741 -0.188425 -0.495660 0.000000 1.000000 0.000000
-0.208240 -0.141867 -0.483637 0.000000 1.000000 0.000000
0.013465 -0.101900 -0.446725 0.000000 1.000000 0.000000
0.230358 -0.096414 0.256602 0.000000 1.000000 0.000000
-0.176132 -0.049994 0.296769 0.000000 1.000000 0.000000
-0.119594 -0.141193 -0.497026 0.000000 1.000000 0.000000
-0.262938 -0.140089 -0.495867 0.000000 1.000000 0.000000
-0.000067 -0.143510 -0.485350 0.000000 1.000000 0.000000
0.154006 -0.079542 0.277440 0.000000 1.000000 0.000000
0.039231 -0.104381 -0.469806 0.000000 1.000000 0.000000
-0.018480 -0.098040 -0.439828 0.000000 1.000000 0.000000
-0.090664 -0.125617 -0.473285 0.000000 1.000000 0.000000
0.036952 -0.148980 -0.487882 0.000000 1.000000 0.000000
0.085001 -0.120569 -0.484594 0.000000 1.000000 0.000000
0.202694 -0.082844 0.288662 0.000000 1.000000 0.000000
0.101898 -0.102792 0.266768 0.000000 1.000000 0.000000
-0.211702 -0.037812 0.311862 0.000000 1.000000 0.000000
-0.057962 -0.172683 -0.496957 0.000000 1.000000 0.000000
-0.130770 -0.096005 0.275585 0.000000 1.000000 0.000000
0.239805 -0.068397 0.298293 0.000000 1.000000 0.000000
-0.026154 -0.088590 -0.410959 0.000000 1.000000 0.000000
0.086275 -0.167210 -0.506003 0.000000 1.000000 0.000000
-0.333465 -0.159800 -0.503562 0.000000 1.000000 0.000000
-0.168365 -0.081712 0.289923 0.000000 1.000000 0.000000
-0.300772 -0.114624 0.210200 0.000000 1.000000 0.000000
-0.277610 0.664578 0.352353 0.000000 1.000000 0.000000
0.054680 -0.080060 -0.425544 0.000000 1.000000 0.000000
0.111155 -0.035568 0.315307 0.000000 1.000000 0.000000
-0.071924 -0.094352 -0.430575 0.000000 1.000000 0.000000
-0.141262 0.647696 0.341879 0.000000 1.000000 0.000000
-0.226853 -0.070846 0.297072 0.000000 1.000000 0.000000
0.079218 -0.158139 -0.503636 0.000000 1.000000 0.000000
-0.228848 -0.120569 0.232922 0.000000 1.000000 0.000000
-0.234862 -0.042106 0.309996 0.000000 1.000000 0.000000
-0.222310 -0.116109 -0.463267 0.000000 1.000000 0.000000
0.147989 -0.180207 -0.504379 0.000000 1.000000 0.000000
-0.162426 -0.091279 -0.417792 0.000000 1.000000 0.000000
0.374607 -0.072108 0.359197 0.000000 1.000000 0.000000
-0.191687 -0.119639 -0.483079 0.000000 1.000000 0.000000
-0.005842 -0.095154 -0.458504 0.000000 1.000000 0.000000
0.248464 -0.153262 -0.501624 0.000000 1.000000 0.000000
0.078308 -0.091032 -0.420254 0.000000 1.000000 0.000000
0.105080 -0.010496 0.318503 0.000000 1.000000 0.000000
-0.282753 -0.095910 -0.429502 0.000000 1.000000 0.000000
-0.281156 -0.087876 0.283432 0.000000 1.000000 0.000000
-0.212898 0.663644 0.354553 0.000000 1.000000 0.000000
0.325495 -0.090222 -0.395587 0.000000 1.000000 0.000000
-0.098078 -0.138969 -0.495960 0.000000 1.000000 0.000000
-0.105534 -0.073520 0.283550 0.000000 1.000000 0.000000
0.287599 -0.077742 -0.397907 0.000000 1.000000 0.000000
0.173756 -0.095008 -0.455997 0.000000 1.000000 0.000000
0.385011 -0.093245 -0.453961 0.000000 1.000000 0.000000
0.243170 -0.174313 -0.506502 0.000000 1.000000 0.000000
-0.091539 0.664584 0.354048 0.000000 1.000000 0.000000
0.124232 -0.172877 -0.494592 0.000000 1.000000 0.000000
0.261541 -0.125330 0.216739 0.000000 1.000000 0.000000
0.326926 -0.092743 -0.417498 0.000000 1.000000 0.000000
0.098078 -0.166339 -0.505750 0.000000 1.000000 0.000000
-0.231538 -0.082860 -0.429096 0.000000 1.000000 0.000000
0.021564 -0.060237 0.295393 0.000000 1.000000 0.000000
-0.268079 -0.068261 0.284678 0.000000 1.000000 0.000000
-0.347741 -0.043692 0.294357 0.000000 1.000000 0.000000
-0.384319 -0.029030 0.301740 0.000000 1.000000 0.000000
0.176540 -0.133646 -0.492878 0.000000 1.000000 0.000000
0.042086 -0.110008 0.253713 0.000000 1.000000 0.000000
-0.117693 -0.122996 0.216739 0.000000 1.000000 0.000000
-0.273998 -0.187368 -0.507452 0.000000 1.000000 0.000000
-0.006842 0.661427 0.359235 0.000000 1.000000 0.000000
-0.045816 -0.055314 0.298069 0.000000 1.000000 0.000000
-0.000981 -0.010434 0.322319 0.000000 1.000000 0.000000
-0.152765 -0.101272 0.269241 0.000000 1.000000 0.000000
-0.359619 -0.074799 0.276524 0.000000 1.000000 0.000000
-0.255002 -0.087876 0.283661 0.000000 1.000000 0.000000
0.356467 -0.088459 -0.441331 0.000000 1.000000 0.000000
-0.225715 -0.079700 0.276273 0.000000 1.000000 0.000000
0.213532 -0.084352 0.287269 0.000000 1.000000 0.000000
-0.176540 -0.090173 0.282124 0.000000 1.000000 0.000000
-0.069301 -0.047594 0.312153 0.000000 1.000000 0.000000
-0.282127 -0.028670 0.311708 0.000000 1.000000 0.000000
0.228848 -0.077743 -0.404421 0.000000 1.000000 0.000000
0.103485 -0.117875 0.235741 0.000000 1.000000 0.000000
-0.272689 -0.034462 0.299109 0.000000 1.000000 0.000000
0.154153 -0.109328 -0.473981 0.000000 1.000000 0.000000
-0.210033 -0.121398 0.230037 0.000000 1.000000 0.000000
-0.392311 -0.087016 -0.443652 0.000000 1.000000 0.000000
0.320387 0.664053 0.353152 0.000000 1.000000 0.000000
0.047245 -0.122239 0.211762 0.000000 1.000000 0.000000
0.222762 -0.022801 0.314575 0.000000 1.000000 0.000000
-0.163463 -0.124304 0.210200 0.000000 1.000000 0.000000
-0.281156 -0.061722 0.301125 0.000000 1.000000 0.000000
0.065385 -0.056029 0.308278 0.000000 1.000000 0.000000
0.104616 -0.037756 0.314817 0.000000 1.000000 0.000000
-0.303895 -0.110775 0.256069 0.000000 1.000000 0.000000
0.096379 -0.088317 -0.403423 0.000000 1.000000 0.000000
0.317472 -0.048211 0.344715 0.000000 1.000000 0.000000
0.159152 -0.022706 0.305808 0.000000 1.000000 0.000000
-0.139194 -0.175833 -0.506673 0.000000 1.000000 0.000000
-0.301042 -0.071020 0.295671 0.000000 1.000000 0.000000
-0.113999 -0.079534 -0.421722 0.000000 1.000000 0.000000
-0.036114 -0.106702 -0.472273 0.000000 1.000000 0.000000
0.353091 -0.088609 0.263292 0.000000 1.000000 0.000000
-0.362548 -0.126745 -0.398056 0.000000 1.000000 0.000000
0.052308 -0.107492 0.258799 0.000000 1.000000 0.000000
0.248464 -0.113842 0.249431 0.000000 1.000000 0.000000
0.366157 -0.153262 0.245853 0.000000 1.000000 0.000000
0.311834 -0.105311 0.241734 0.000000 1.000000 0.000000
0.050937 -0.114075 0.245201 0.000000 1.000000 0.000000
0.173094 -0.086256 -0.439570 0.000000 1.000000 0.000000
-0.013077 -0.100953 -0.466056 0.000000 1.000000 0.000000
-0.382649 -0.092910 -0.453125 0.000000 1.000000 0.000000
0.353080 -0.120569 0.301375 0.000000 1.000000 0.000000
-0.274618 -0.080154 -0.417498 0.000000 1.000000 0.000000
-0.326926 -0.146723 0.267187 0.000000 1.000000 0.000000
0.058847 -0.096075 0.275585 0.000000 1.000000 0.000000
-0.110716 -0.121998 0.220280 0.000000 1.000000 0.000000
-0.320388 -0.120569 -0.482967 0.000000 1.000000 0.000000
0.052308 -0.068711 0.288662 0.000000 1.000000 0.000000
-0.255002 -0.015953 0.313304 0.000000 1.000000 0.000000
-0.234052 -0.119366 -0.466610 0.000000 1.000000 0.000000
-0.188839 -0.105468 0.239655 0.000000 1.000000 0.000000
0.204337 -0.069407 0.298318 0.000000 1.000000 0.000000
0.241925 -0.133646 -0.478363 0.000000 1.000000 0.000000
-0.257255 -0.043761 0.308900 0.000000 1.000000 0.000000
-0.300772 -0.094415 0.277240 0.000000 1.000000 0.000000
0.370169 -0.101798 0.316939 0.000000 1.000000 0.000000
0.111155 -0.035568 0.315307 0.000000 1.000000 0.000000
0.019616 0.665159 0.354048 0.000000 1.000000 0.000000
0.141658 -0.082465 -0.430406 0.000000 1.000000 0.000000
0.091539 0.664053 0.354851 0.000000 1.000000 0.000000
0.346542 -0.150924 0.255970 0.000000 1.000000 0.000000
0.355236 -0.162183 0.207093 0.000000 1.000000 0.000000
-0.235279 -0.126155 0.206062 0.000000 1.000000 0.000000
0.187752 -0.113643 0.248654 0.000000 1.000000 0.000000
-0.113344 -0.083340 -0.433908 0.000000 1.000000 0.000000
0.353586 -0.070293 0.280174 0.000000 1.000000 0.000000
0.163463 -0.111594 0.216739 0.000000 1.000000 0.000000
0.294233 -0.072087 0.295201 0.000000 1.000000 0.000000
-0.019616 -0.110185 0.210200 0.000000 1.000000 0.000000
0.108392 -0.119041 -0.483147 0.000000 1.000000 0.000000
0.320387 -0.113749 0.216739 0.000000 1.000000 0.000000
0.052308 -0.074799 0.296651 0.000000 1.000000 0.000000
-0.359619 -0.112757 0.308278 0.000000 1.000000 0.000000
0.261541 -0.029030 0.312316 0.000000 1.000000 0.000000
0.085151 -0.091567 -0.421715 0.000000 1.000000 0.000000
0.356716 -0.065902 0.338006 0.000000 1.000000 0.000000
-0.215771 -0.061722 0.302481 0.000000 1.000000 0.000000
-0.087273 -0.105952 0.261487 0.000000 1.000000 0.000000
-0.298879 -0.082382 -0.425724 0.000000 1.000000 0.000000
-0.353080 -0.120569 -0.482736 0.000000 1.000000 0.000000
-0.194700 -0.094359 0.260163 0.000000 1.000000 0.000000
0.349254 -0.078902 0.273535 0.000000 1.000000 0.000000
-0.018756 -0.106467 0.231720 0.000000 1.000000 0.000000
-0.123144 -0.054366 0.307873 0.000000 1.000000 0.000000
-0.013077 -0.114322 -0.463267 0.000000 1.000000 0.000000
0.215771 -0.186426 -0.502498 0.000000 1.000000 0.000000
0.143847 -0.035568 0.314394 0.000000 1.000000 0.000000
-0.189617 -0.184648 -0.495960 0.000000 1.000000 0.000000
-0.294233 -0.101240 0.249431 0.000000 1.000000 0.000000
0.327153 -0.030041 0.347531 0.000000 1.000000 0.000000
-0.349637 -0.140137 -0.495539 0.000000 1.000000 0.000000
-0.167796 -0.112875 0.205178 0.000000 1.000000 0.000000
0.238828 -0.153045 -0.501569 0.000000 1.000000 0.000000
0.017861 -0.031411 0.319092 0.000000 1.000000 0.000000
-0.122644 -0.103071 -0.467612 0.000000 1.000000 0.000000
-0.235387 -0.120569 -0.483561 0.000000 1.000000 0.000000
-0.373151 -0.104161 -0.468010 0.000000 1.000000 0.000000
-0.143847 -0.133646 -0.478901 0.000000 1.000000 0.000000
0.085001 -0.015953 0.319540 0.000000 1.000000 0.000000
0.137309 -0.118962 -0.482883 0.000000 1.000000 0.000000
-0.268139 -0.110376 -0.455929 0.000000 1.000000 0.000000
0.196156 -0.088316 -0.443652 0.000000 1.000000 0.000000
0.094608 -0.005986 0.318639 0.000000 1.000000 0.000000
0.192424 -0.093905 0.278194 0.000000 1.000000 0.000000
0.294233 -0.029030 0.311259 0.000000 1.000000 0.000000
-0.226610 -0.174406 -0.506518 0.000000 1.000000 0.000000
0.052308 -0.041582 0.314817 0.000000 1.000000 0.000000
-0.326926 -0.092743 -0.417498 0.000000 1.000000 0.000000
-0.230902 -0.097172 -0.433713 0.000000 1.000000 0.000000
-0.255002 -0.074799 0.279969 0.000000 1.000000 0.000000
0.032693 -0.018884 0.321355 0.000000 1.000000 0.000000
-0.083591 0.633306 0.347458 0.000000 1.000000 0.000000
-0.376570 -0.113586 0.368007 0.000000 1.000000 0.000000
0.048581 -0.122602 0.207627 0.000000 1.000000 0.000000
0.342468 -0.030909 0.297934 0.000000 1.000000 0.000000
0.292068 -0.116713 0.244713 0.000000 1.000000 0.000000
-0.064388 -0.089240 -0.412375 0.000000 1.000000 0.000000
0.209885 -0.101444 0.248475 0.000000 1.000000 0.000000
0.116379 -0.101514 -0.444550 0.000000 1.000000 0.000000
-0.117693 -0.009414 0.307406 0.000000 1.000000 0.000000
0.263054 -0.081351 -0.423589 0.000000 1.000000 0.000000
-0.325599 -0.023902 0.346256 0.000000 1.000000 0.000000
-0.398850 -0.117905 -0.482883 0.000000 1.000000 0.000000
0.051189 -0.075725 -0.400992 0.000000 1.000000 0.000000
0.250025 -0.093687 -0.452659 0.000000 1.000000 0.000000
0.124232 -0.112648 0.249431 0.000000 1.000000 0.000000
-0.117693 -0.133646 -0.479042 0.000000 1.000000 0.000000
-0.137309 -0.022491 0.317389 0.000000 1.000000 0.000000
-0.274081 -0.079997 -0.416756 0.000000 1.000000 0.000000
-0.333465 -0.114586 0.308278 0.000000 1.000000 0.000000
-0.254934 0.657420 0.345002 0.000000 1.000000 0.000000
